Al, Vanderstoel, 10.714285714285714
22.285714285714285
34.57142857142857
45.57142857142857
57.42857142857143
67.71428571428571
78.0
Ellie, Vanderstoel, 9.4
19.3
28.7
38.2
45.7
53.7
63.7
73.2
82.8
91.2
Amy, Edwards, 8.4
15.6
23.8
32.9
41.9
49.6
57.5
65.9
73.4
83.4
Hannah, Underwood, 10.571428571428571
24.285714285714285
37.42857142857143
51.714285714285715
61.857142857142854
72.85714285714286
82.85714285714286
Chrissy, Anderson, 16.0
28.666666666666668
45.0
61.666666666666664
77.66666666666667
90.33333333333333
Zoe, Tang, 9.75
21.125
31.625
43.875
52.75
64.5
74.875
86.625
Julia, Vanderstoel, 13.285714285714286
27.0
38.714285714285715
52.285714285714285
64.0
74.42857142857143
87.85714285714286
Lisa, Gonzales, 10.285714285714286
21.857142857142858
32.42857142857143
45.285714285714285
58.714285714285715
69.42857142857143
82.71428571428571
Hannah, Benson, 13.833333333333334
27.5
39.333333333333336
54.833333333333336
68.33333333333333
80.0
Oscar, Zimmer, 8.0
18.22222222222222
29.333333333333332
40.22222222222222
48.111111111111114
55.888888888888886
64.11111111111111
74.44444444444444
85.0
Oscar, Rodgers, 10.444444444444445
21.333333333333332
29.88888888888889
38.22222222222222
47.55555555555556
56.333333333333336
64.22222222222223
75.22222222222223
83.44444444444444
Tara, Rodgers, 11.428571428571429
23.285714285714285
37.142857142857146
48.142857142857146
60.57142857142857
72.57142857142857
85.28571428571429
Oscar, Davis, 14.2
32.4
46.8
65.0
82.4
Francesca, Tang, 14.5
27.833333333333332
41.333333333333336
55.5
69.66666666666667
82.16666666666667
Dave, Benson, 17.2
35.8
51.8
71.6
86.0
Francesca, Olsen, 8.7
16.3
23.4
31.8
40.3
49.4
57.7
66.3
73.8
82.6
Randi, Koothrapali, 10.333333333333334
18.666666666666668
28.77777777777778
37.888888888888886
46.77777777777778
54.666666666666664
65.77777777777777
76.22222222222223
84.11111111111111
Randi, Anderson, 7.0
16.5
24.1
34.1
43.4
51.7
58.8
66.7
76.3
84.4
Miguel, Zimmer, 13.714285714285714
24.142857142857142
34.285714285714285
44.857142857142854
55.714285714285715
69.71428571428571
80.28571428571429
Pravin, Edwards, 11.285714285714286
23.142857142857142
35.0
46.142857142857146
57.285714285714285
70.28571428571429
81.42857142857143
Penny, Yang, 18.4
36.4
51.8
71.4
90.0
Tom, Smith, 11.0
24.714285714285715
36.714285714285715
49.142857142857146
59.42857142857143
69.42857142857143
79.42857142857143
Randi, Olsen, 11.11111111111111
20.444444444444443
30.666666666666668
41.55555555555556
52.111111111111114
61.77777777777778
72.22222222222223
83.0
92.0
Grace, Edwards, 11.625
23.0
33.0
44.25
56.75
66.875
78.375
90.0
Al, Hoffstader, 10.0
20.875
32.625
42.0
52.875
62.5
73.25
85.25
Kyle, Vanderstoel, 17.0
35.4
53.2
72.0
89.8
Maria, Anderson, 15.8
30.2
44.4
59.0
77.0
Sophie, Olsen, 11.0
23.25
33.75
44.25
53.125
64.75
74.75
84.875
Edwin, Cooper, 12.125
22.625
34.75
46.875
57.875
69.0
80.625
91.125
Francesca, Anderson, 11.75
22.375
32.875
43.5
54.75
64.25
73.5
85.625
Randi, Ling, 8.222222222222221
19.22222222222222
29.666666666666668
38.0
47.888888888888886
58.0
66.77777777777777
77.66666666666667
87.22222222222223
Olivia, Zimmer, 8.333333333333334
17.22222222222222
26.666666666666668
35.666666666666664
43.666666666666664
53.77777777777778
62.22222222222222
72.0
80.22222222222223
Nigel, Underwood, 14.5
28.0
43.166666666666664
57.666666666666664
71.16666666666667
84.5
Edwin, Olsen, 20.0
37.8
55.8
73.6
93.2
Valerie, Benson, 14.2
32.4
51.4
70.2
85.6
Miguel, Koothrapali, 10.428571428571429
23.142857142857142
33.285714285714285
44.57142857142857
58.857142857142854
72.57142857142857
82.85714285714286
Hannah, Petersen, 14.142857142857142
28.428571428571427
38.42857142857143
51.857142857142854
63.57142857142857
77.42857142857143
90.71428571428571
Frank, Vanderstoel, 10.777777777777779
19.77777777777778
30.11111111111111
39.0
49.22222222222222
58.0
66.44444444444444
74.44444444444444
85.55555555555556
Edwin, Davis, 9.777777777777779
20.88888888888889
30.0
40.55555555555556
51.55555555555556
59.77777777777778
67.88888888888889
77.44444444444444
87.88888888888889
Frank, Irvine, 13.666666666666666
27.166666666666668
40.0
56.166666666666664
68.5
85.0
Pravin, Gonzales, 15.2
31.8
47.6
62.8
80.4
Isaac, Gonzales, 15.166666666666666
27.0
43.666666666666664
59.0
72.0
87.5
Kyle, Ling, 9.8
19.4
28.7
38.0
46.2
54.6
63.3
73.3
82.7
90.9
Edwin, Montez, 8.88888888888889
18.444444444444443
28.11111111111111
37.77777777777778
48.888888888888886
59.888888888888886
70.44444444444444
81.22222222222223
90.55555555555556
Dawn, Ng, 8.4
17.7
26.7
35.3
44.8
53.0
60.2
67.6
77.4
85.3
Wendy, Montez, 16.666666666666668
29.333333333333332
43.166666666666664
58.0
74.66666666666667
89.33333333333333
Miguel, Ling, 8.5
16.7
25.6
35.5
44.4
52.4
60.6
67.9
77.6
87.0
Ulysses, Underwood, 15.4
34.4
53.6
71.8
87.6
Randi, Vanderstoel, 9.0
19.5
29.5
38.875
47.625
60.125
72.25
82.25
Kayla, Montez, 8.1
16.8
24.2
34.0
41.0
49.6
57.5
67.5
75.4
85.3
